90 ΠΙ. INDEX vnassoanll

biformis 556 [capillus 6616] christus 5811
blandior 241 2611 1111117112011261 cibus 4014311441
6911 266691140115611 11451146111111
111111461[4511 111111111196 cicatrix 510 61
bonus 6067 [52 a} captivitas 6011 *cinaedus 1719
16112112913011 captivus 5511 11111671691531
[5111111111 521] 111114115161011 11111711 1914 701
ravis 1911651 13162114511551 [591751]
5111116611 [511 521 6311 74 circulus 911 1711
11 751 1111] circumfluo 911
01111111 151 111161 321 1111111111 2516
1101501651116211 11111117611 circumvenio 601 ,
[63 11] carnifex 69 1 11111 171
caducus 515 261111 [11114616] 111111911
6017011741 carpo 2611 civitas 2011111 21
caedas 291 661[621] ] [111111 5911] · 11 11 2511 6911 81
caedo 2415416911 1111131641501 1111 [4616491 61
1111 7016 111111 666 . 11 6211]
caelestis 2311 6611 11111 56 296 301 1111111616616
45114614471153 31611361169141 clamo 621[7511]
11 5611 621 7611 1116 44114911 7211 clamor 1611 2011
6211 11114611 49111 [claritas 631 6411
1111111911 101601 cataclysmus 6911 7716]
4011 411 5016911 catena 6011 clarus 6611
601 ’62117 6611 111111204 1111111116011621
7011116211[4611 11111466 11111111761
491 664 6417711] 16117611 [clavis 641]
[1111111111561] 1111112011 clamantia 6516211
calamitas 216 4117 celeritas 571 661 [11151111 371]
11 91 1111111161 16111351 1111116011
21112611601761 161171161961111ῇ11111111161
calamitosus 471 2711 [6112] 111116511
1111160116217611 11111111 coepi 616 341 4111
caligo 4711 611 centesimus 511 741 coctus 4311
calliditas 606 691 cerimonia 6711 cogitatio *211 311
11111111271 11111611611701 1612611112711
11111 ’6 11 61111 *conamen 411 356 5711 [5611]
[4616] 11116*61161531 [cogitatum 7111]
[candcabrum 6611 111112616416 cogito 2411[7111]
11] certastis 261411 cognosco 4611 501
1111111411 6416511711 6216 [7111761]
canis 51 cervix 1011 4511 cogo 3511 671
11114611] ceteri 6117112011 111161614016
11111111721] 2511661411651 cohors 1111
[11111721] 6616 1611112611
1111111111 171 chorus 10114911 colligo 311 611 611

 

