111. INDEX VERBORUM 87

ΠΙ. INDEX VERBORUM

1(1)11111111111 11111111113611611][111111111811]

11 111 111 11111 [accingo 191] 111111111111311191
1111111 181 11 19 111111111113111101 adhibeo 411 101
111011111111111 411114111811911 1111111111 1111111
11111611111111 611[1111111111 1811119111111
111811191111 11111118011] 11111111111611
30111131113311 11111111 (--“111111-] 191111 ,
34131116111111 11111’ Κ1) 111 adimpletus 111
1118139114111 1111111 161 *311 adiungo 1111
*11111111111161 3911111911 1111111011
1011111111111 1111111111 111111111911
11181160111161 1111110111111 admiratio 111
11611116111161 oculeus 611] ]1111111ο1911131111
1111118118111 1111111191 8311] [1111111111118111
[1811114911111111611111111111 11]

. 11111 19111161 11111111181119 adorno 1111 1111
111111111111*11 11101111111111 4·6111

11 11111611 8111 1111 111111 1111 11111*1111111111
811] 11111119111131 3111 1613811 [11
11111111111 11111131111131 11111111911801
abditus 11111011 11191143116111 1111]

obicio 1111 sbicc- 111111 10111111 odpouo 1811
111111. 111111 1811111 adpropinquo 611
abigo 191 11611161111111 1111311131

abnuo 911 68111011111 111 adsisto 1811 [1911
111111113013611 13111111611811 131]

1118011 11801118111181 1111111111 181
[abscido 111] 11[101118111911 adulescens 111 81
abscondo 111 11 11 1111110111 63111 1811

111111611 111111111111111 1111111111161111
absconsus 1611 111111 111 801] 1811

[absque 111] addictus 6611 adulteratus 1011
absurdus 1111 addisco 1311 111111111111411111
11 *11 11111 111 1111411611111111 111118190113111
811 1111 111111 11111113111011 1111111161

1111 18111 1111 111111111111. [1111111491]
1111 1111 11111 adduco 1111 [111] adventus 1011 1111
11110113111·131 adfabre 1111 3611 4911

1111 101111161 1111111111 adversans 8111

11 1811 611111 311 [1111111 1911] adversarius 191
66111611169111 cdfigo 1116911011 111111111111111911

1311161111111111111313111 [adversus praepos. 1

181111 8111 [8911] adgredior 191 3111 191111]

 

