102 111. INDEX VERBORUM

18 601818 6118 64 187411761111791 lapsus 8011
111166818111166 818118118 laqueus 1611 661111
86711116811711 iudicium 408 7018 60811 6618 6611
7311 761118 778 [711176187718] largior 44116811
79111 [4418 4618 iudico 1111 1918 18131181161

1818 1818 46181818 iugulo 368 18131118 78
49118111011616 1881800117988116 largus 4616

18 61 11 661 1818 iungo 811 1318 6618 lassus 1018

1111 1111 6911 638 [iuro 6418] 18181188 3611
1181181811111111 ius 111118 18188178 488 681
18 648111711111 1118884011 61117018 [1618618]
18181811 7118 73 18811118 671 [69818] [1118 761]

18 74811 76181111 11181118 311 608 60 atus 661

77181118 7911808 11186111 1880811181911711
18111118 61111111 18188181613116911 laurus 4611
11111118 811] 11118118 18118 6618]

111888611718888 19810131
134 14100‘11814 1111188 1016 7111 1 laxo 7918]

15155205231727 labium 691] 881188 6718

14281530‘17931 81811611441 1881181614686111
1111 188 1818 8111 labor 9¹⁰ ⁶⁸ ²4
11111111 111 32 1330196 ⁶⁰¹⁰ ⁸² ¹⁴ 1319811818
1161111311 ¹2⁰5}ss 1115113 1311111,
111111 191111 1111, 11 1136 113
²¹ [³⁴²⁰ ⁶¹⁵⁸ ¹⁸ 9191919189099 91191911911191911
ἐξ {3⁸13 15ω.33898ῗ1ξ189919θ198 10919118 111168 301 3118
1188181911 66113911163118
{228339122975113322 9 [18811118 6911] 641 67 11 6011 64
mu 73120 8019* 181816718 [4811] 1 811 6511 708 7611
[52 n] [18111118 4318 77118 7811111791
,mque38l23ffl 16618511Ι181118118 3984418 ξ118ζ1185118 [8111
1256 2¹7 ¹¹ 35² 3⁷ 14 1 [18110ἵ 63 18] [1111161188 719 18]
65491717317398113888448 11881811111111418
'¹⁰[7511] [81151181 3911 91-ἷ1880
9939119681480 11 1338113 ¹9³ 18 fib& 181109 3381111
11181 1 811818811118111
iubeo 1411 1618 31 ’ 1161181111688 64 liberalis 181
181818 1011 6611 11 [34 11 6011 611 liberalitas 71 1118
6011 6118631711] *11818181161811]11181871111113111

 

