111. INDEX VERBORUM 95

51777 7777 59 77 81 77777777147 857 40 77 777 ef.
7777 67 77 77 84 77 77 ‘efficio 77 ad 8477

77 77 7177 78 77 74 effigies 6977 epulor 7777

77 77777 77 77 7877 7177777777 807 eradico 787 77]
7977 8177 77 87 77] effundo 77 77 orado 7177]
{domus 75 77 77] [egeo 4577] orgo 14 7 7 77 58 77

onnia 767 egestas 877 4577 [647 75 7] ,
dono 77 7577 76 77 ego 757[4677 47 77 erigo 777 7577 447
77477807 50775178877 71 47775077 577758
donum *71 77 58 7 77 77777] (vide me) 77777 54777

87 77 [egredior 48 77] [eripio 77 7]

dormio 817 egregius 1477 [erogo 7477]

draco 5577 6877777 77777 7677 erro 777 18777 75
[7 77] , eiulo 1677 77 78 77 807 87 77
dubitatio 757 elatus 8777 [57 7] 877 4478576877
7177777877777 7577 71777777777877777 77 7677 78 77
(1777777107 7779771077177 777778777871177
duco 1577 707777 157 617 7677 1477 777777787774
747777 777 787807 71737787778677477 7777 777 8777 8977
5877 707777 8177 787[5077] 77 41747774577
[497 717] *emerge 717 4877 657 6877 7877
duleis 45 77 77 707 77777777 417 erubesco 117

[48 77] eminens 547 esurio 87 77 487 [7 77]

’ dum 1777 187 [emo 75 7] et ’7 77 8’4 77 77 477

777177757767 777 emptor 8877 77 777777 77 577 77
5777 587[7777] 777 8677 56777777 777777677777777
duodecim 40 77 [enarro 7177] 77 77 7 77 77 777777
durus 7877077 817 7777771877 14777 17 8797777771077
807777 77771877777577 777777777777117
dux 7177 8077 8777 887777 777777777777777

8477 8677 8777 88 777718777147
8571777777 667 77 47748 77 4477 77157777 77 77 77
7577777187 457777 467777748 77187777777777

. [eburneus 5977] 7777 487777 5077 7777 1777777777

7777*797748778077 51777777557758 77187777777777
61777 787 80777 777 5877 5977 877 7077777777 717
77 [45775077 5171 77 8877 6577 6677 7777777 777777
7777 5677 887 647 687 7177 777 7877; 7777777777 78777
777777] 7477577 7677 777Ι 7777 7477777777
ecolesinam] 777777 78777 78 77 75777777 7877777
777777771777 8077 80777 81777 [8771 7777777777777 78
8877 4877787777747757] 777777777777778
[edo 48 77] enumero 787 · 77777 807777 77
effemino 10‘7912 17 77 (ire) 68 77 [56 77 7777 77 77 77 81777
77777877 647817777] 1777777777777787
efferus 8577 77717718777847777] 777777 88777777

 

