III. INDEX VERBORUM 89

0110110271 471063 011101000111 001310101161710
1016410 [431171 01100100 410 10111110 3101011
10 721] 0111704611 0811 16001111 221 24
aperio 0111 [421 00 2611 10101011201127
apollin = 1110410111]00000102110116210 1010 321111 30011
apotheca 370 Ι 700 [8011] 11 371010 411111

appareo 681s asper 131401 42114011114611
appello 2200 20040100130311 021010 031111

aas 00110 111 11 ⁴ aspernor 010 0111110111 1111

10 720 100010101418210 11741010 7601 80
0110010131 assiduus 314 3311 1111 [8110010]
aptus 200 430 autem 718111410
aput 01 100 17101201 1310 301 361420
1310 241 301011 atquo 20112310 20 4410 4014804710
331134113011 113010 3310 411 01110211110311
. 471071166107210] 4300307131 1 841071107317011
0000314001011[011001101 161 230 761177107810[40
011461[0311] ,3010 0104311031103
0106710 0110101120171132 10 731011 74111010

1 01011010 30 j 11 481 6811 11 701010 781]

arbitrium 17 0 231010001011101 2210 23 auxilium 311 3611
2411 11730 7810 7810 821110
0110166163111110 audeo 430 6710 [010110 6110 8110
10 76101010 0011101710 2111261 821]

0100 701οι 10 3011 371 470 [0110 701]
arcanum 430 483 621 631680 780
431081173100211Ι 73111 811 [4310 Βο0011011610
01110081 3010 30111 0110 7317 740 77 1010100810
370133110810 704 108110] [1001110641]

11 [370 4310] ;[001010 4811 6310 [110110 7010]
0110130131128111 71117211760] 0111011000 1211

321 800 ᾖ augeo 3811 barbarus 3011

3 [0100 0210] [0030001002210 33 basiliscus 001
] 010000 321 1 113210 1001004310

’ 010171331371111.700761]

[argenteus 020 7410 [0010100 731] bellicus 4111
7610] 001000 200 [6310 11 bellum 3010 3710
[argentum 020 740] 71117017610] 4110 [7011]
11781] [auricalcum 6310] 10002610 071 7811
arios 7010 10 711 auriga 241 benedico 4111 [031]
arma 37118210 auris 600 67110 1000110110 4410
010013120112811 800[7311741] beneficium *401411
6108110 ,00100281231040 22104310
arripio 320 · ’1-11[0210 7401011 {bessis 801010]
11104310 441 4611
0010 · 100001010033118211 0010[4411401010
111111011010111100100 0210 .· 8011] ·=

 

