96 111. INDEX VERBORUM

’111511111111841 1111 7411111111 [exaudio 8111881]
511111851111111111175111111111116811
118611111111111 11111111151111111111111541761
11118711188111 761117711111 8111

11 881111151511 1111111111111111 11111116611[4811]
1111401111511 1111111111781111111111611
111111411111148 781111111180111111111145115511
11 1 1 481 15 11 44 111111111111 11 81 *excogito 485
11111511111511 1111111111111111 1111118111

45111 11 15 1111 15 681 1111 1] *1111111111111111 81
48111111 11 ’47 11 ethopoeiooue 851 11111111 161

1515 481114811 11111181 811 111 excutio 751
50511115111111 181*1411171111111111111817188
58111158111111 18118511861111 1118018111581
15 541115515611 881180181118811 6011

11 57111115 585 84185118611401 1111111111 541
11111188111160 4111481441145 *exhibeo 581
111111111611111 11461148151111 11111111144116811
1168111111111165 5711 6811 641 66 exilium 1711 8011
111111 66111111 1111 6711 661111 [1111111117511]
671111151111681 68117011711174111111115117181 ,
68111111117051 1175111771511 84118811801881
11111117111781 78118111 [741111] 861188111111451

1111 781115 74111 11111111 5815 461 8811 6611 68 ·

75111111 76111111 evengelioue 8611 481 11 11 741 781 8011
11 77 11 78 1 1111 evangelium 46 11 481 exitus 871881 4511
11 7811111 801 11 7811 [7711] Ι’8011
11118111111111 eventus 8811 exorbito 1811

11 8811511 1111 1(1)8111151161711 exordium 711 8811
881 [4411111146 8111101141111 811111 ,
11114611114811 1515 16111111 80 exorno 1018
11111111111111 48 11111 811 1111 88 expensus 701
111111111111 50 111 851 8811881 expavi 7615
115151111111111 11881111118811111111114811118811
1111581111111 34111185118611 [4811]
111111111166111 15118711111 881 expio 5811
11111111581111 881401141111111111111481
111111111116111 1118114811481 1111111861184151
1111 681111111 56157158116011 11581165111
1168111111111] 681651166116811 expono 161
11111111 11 111111 68111 701 711[58 [exquiro 7411]
1111111111 6411 111 5811 681111 exspiro 5811
111111111 881] 6411*785 741175 [exsurgo 61111111]
11111711111111 118115] exiendo 56111571
11111111111111ῖ8ῗ111311ο1811881 701
1115111111 7811111111 181 [[11111311751]

 

