111. INDEX VERBORUM 109

praecipio 811 711 princeps 401 [5811 11111111181186111

811 8111 [6411] 611] 451 4818 501111
praecipitium 18118 princrpatus 81 711 8711 801111 6111
1118118018611 *541 65111118811111
praecipito 181 8011 111111111ω*81[8411] promo 8011
471601170118011 priscus 181 ‚ promulgo 881 541
11111111111411 1411 prius 7111 7711

praecurro 611 [111111111411 pronepos 8111
praedIoo 8811441 48 1 pro! 8811 891 pronuntio 7518
111111111111811 ipro 811111 1811 1111111811881111
praefero 111171481 171 141111 811 801

1184115711 1 841111 871 891 propago 7611
11111111118011 ξ 4011541487171 prope 1811101111
praemitto 581 . 11811111 111

praemium 15 11 1811 1 probatio 888 481 propero 141 571 811
181488114811651111111111711481 741
1186111181111 ι 551 1111111111114811
praemoneo 741 :procedo 1811 4111 5111511155111
praeparo 4511 1 [4811884] 5811161188171
praepono 111 11111111114811 111 781 7818 7811
praeposterus 181 191111111111 711 4411 “ 11 801[7711]
141911 1111111111611885 1111111111161164
praesagus 7518 1111111811481 11711
111111116014 prodigium 114 propitius 548
111111111118111 §prodigus 1118 propositum 8714
praesidium 861111 ξ11111111881111 proprietas 684
1111111481601 ι1111111 811 1811111111111118811481111
[praesumtum] 18018811871 18011881871
praesumptio 8811 Ι[11111111118111] 1111111811711811
1111111154[771781]ξ11ο111111 1111 151 1611 4611 [4814
praeteritustm 8111 11141818141118 594 8111]
praetermitto 181 81 11 481 5011115811 [propteroa 88111]
11 841 691 541115518411 78 prorsus 101
11111111111114511 , 147811 prosequor 101
praevaricatio 661 [profectio 4811] prosperus 8014
1111111814811 profero 5711 881 [11111111584]
111111 8111 701 7811 8111 prospicio 881
promo 4511558 7111 professio 5011 prosterno 851 88114
1111111117114[5011] proficiscor 151111 541 6011 8111 681
pretium 804 [788] profundo 884 7111 788 [7118
primordium 6511 profundus 1011 prostitutus 8511881
11111111111511 171 protasio 7111 11 [7414]
81118811581181 progigno 158 prosum 81 81 10
118511[84177111111111411171114 111111 1811 881
8114]-11111111118 11147114811 114114 5111 544
1114111481 611 11οωὶ111111 181 87118811

 

