92 111. INDEX 'VERBORUM

consuesco 988 coquo 1984 768 1 88 944 9988 308
8888881888 3918 881138 168*18 178 3518 38818
88888118181988118 [598 7418 7711] crudeliter 1588 1718
consumo 1588 4911 [881818 7118] 97467818918
6918 88188 55881811 56 8188818 67 18 79 88
contagio 19119718 181488 5718888 81888188188971818
5318 688 [56117184] 808 3788
888188188118118608 corone 1788 908 89 cruor 338 671818
8881818188 1018 448 88 [7481] 7918

654 57 11 78 88 881888 908 crux 5681488 574
[contemplatio 5188] corpus 4818 5118 564 698 701811
contempno 3511 39 618 101818 1188 [cubiculum 4818]
18 4314485811 65 8141418181118188 cubile 3084
116687611788 ¹ 94896889818 33 8818188 5018
contemptus 488 ’ 1818 3481814 3518 8111181964
contendo 848 38839888408531 881188 311
888188118888 3918 618668116718 81 8818 coniuent. *38
contentus 17 81 388 88 [758] 418 51814 61818
88811888 4718 571 8818138518191195 7181818 818813
8881188811848’3818 18 9818 3911 581 8811118158178
,4486984 65187911 1 184 1918888814
888118 9318 corrumpo 418 15111 901818 97130831
888118 171818 198 9881118 9918 5714] 113918331888 84
901818 9588 314 [6318] ; 11888 3988 41818
3718 3988 538 60 corruptor 99814 “ 4918 441818 4818
18 618 7018 7818 88111818888988 3418] 5088 5188 5718
8918[511859175 35888814398 Ι6886181864465
18] cottidie 1718 8818] 18 071118 681818
· contrarietas 318 498 5518 ι 6318 7117418 791
“ 8881181188 38 148 *8188181838 · [49 88 63 84 71 81 73
89816481 81888681181918 8175888]
contremesco 6088 76 15181171 9118 9988181818888841454
14798 18 3184618 58118, 788 8818181118
8881818811893819418 69170818 [4618 181 101418 1111 1788
conturbo 448 6411 5088] 188 90888 9118
convalesco 3818 404 credulus 9118 678 p 18 18 998 9314 968
431 818818618 9918398] 81899183418358
convello 694 6718 4414 4618 508 54
88888818 948 958 *8188318 18 5588 5318 6014
4717388 74147918 crepundia 1518 174 6918 661118 6818
[5981] cresco 401 88 7014 738 8018
888881881183718 4711 crimen 5 81 1118 308 [6314 6411 7418]
converto 538698 7918 8014 8818818 9588911
[6318] 8118181018 90185511 8888188 831
8888888 9814 criobolium 7988 888888 9018 8918
copiosos-832 ¹ erudelis 1688 17823 88818118841113818

 

