88 ΠΙ. INDEX VERBORUM

‘ adytum 51 aliquando 511 811[111111911112411
11611391541 10111112211211 11111111281
1161111115919] 3611 5711 6711 amplificatio 821

[aedifico 511 821] 71 11 8011 amplius 7311 7611

aegritudo 431 [11111111-19, -od 121 amputo 191 241
11111113911401 [16121123112911 3995219
aemulus 291 477 801 [751] an 3314
[aequalis 811] 11111111-1112011227 anceps 8011 =
aequitas 571 2719 28119 3211 angelus 6211. 701
aequatus 41 5211 35111113711 [74117711]

6611 11111110111111 anguis 181 2711

1111111631 alius 611 71 811 5511111

1113110111321 95 111 131 141[1111111111’115011
[1111111111111111529] 11151111711111 angulus 5211 511]
[aereus 529] 2112411111111111111111421
aerugo 751] [ 1120128113019111111111711141111
1111115211] 311*3411371138 11441[61117411

[1111111161117311] 1140111144111 7711811]

aeternus 447 5611 5010 5511 551 57 animadversio 411 6

[591621111631 11581119 591167 1118111913611 =
7711781821] 1691170117111 451168117411791

affectus 1611 771 11 8111 17] 8011
1ἔ31111ἐ2111 1111 11ῢ16891ἒο11 26 30 11111111[126111111[71 ’
11 11 ar 111 1· 1111 ’
agnus 7111 72111 11 3111 327 411 animositas 3215 401
[491 719111119 5017411[7211] 111111511811511
72118019] amaracus 201 191116111117111
111718191111101111111401701 1111209 261129
1311181781111 amatorum 2011 1113013211401
agrestis 131 2611 2611281111361 4315116016811
37 19 ambigo 22 11 77 1 82 11
’ agricola 91 ambio 911 annales 1819
111181121114411 [ambulo 7311801] 111115110171111
451111 46111111 11111112711381 201321691111
481711 5019 5111 amioio 1011 annuus 21 5111 6
11115611581159 amicitia 2919 11 7111111 8111
1962155116811111111111131 ’ 91911161911211
71172173117511 amicus 2619 8111 251391
7611 77111 7911 [4911819] 11111719 361 3811
801 81111 [5111 11111111111911*421 60111162113211
7211] [11171189211221 [4911519641171
1111112011[631111]1 2811811117411] 19]
111111 3011 t amoenitas 201 *antea 21
alienus 711 911 11 1 , amoenus 201 antichristus 5811
297 4711 [801] [111171181111911 antiquitas 3711
alimentum 3411 [ 251128191111 11111111113515111

 

