114 111. INDEX VERBORUM

sic 81811111151 sobrietas 1811 1111174117811
1711111111111 sobrius 1711 1811 111111151111711
8811841401481 8011 48114715711801
4511 471 4811 88 11111511*41581158 88118011
11881881159111 118811118811 spiritalis 84148154
88188111871881 11111181 158117018111
781178118011881 1111111,1,11111411 18 1111181111181111
[45180117111] 1801 1811881871481
1111181 11181111118118111 114811118011511
siccus 8711 8018 811111[8811]’ 15811811181189
1111111111 1811 1811 solacium 71111 1811 1 881 711 781 741
881851[81118811 11117111811801 78117811[491841
7111117411781111] 8811 7111 781111 741
sidus 1111 181 4011 111111181111 751]
. 4118811 sollicitatio 1911 [splendeo 8811]
1111111111180117811 sollicite 87 11 splendidus 11118111
significo 48 18 48 11 sollicitudo 811 splendor 511 411 47
81117811[7111] 11111111119118411 111180118811]
1111148114817811 4018018111 1111111481 111148
signum 3111 43111 solus 1111 1111 1411 11]
801841581111 4011 411 781111 sponsus 47114811
871711[711] [7717811]-1ο-114911111111150
11111181111811 um 8411481 1 [48111111 4111
silvester 1511 somnio 701 1111]
similis 1411411148 111111181115111 squalor 1111 1111
18 4811 811 89 1111111111 8811] 471111
7111771[491188 11111811891 stabilitas 881 8011
1111 741 751 7711 sordes 4711871 781 statim 88 sc 481 58
111111111111711[78111 sordidus 1111 118111791
simplex 71 141111 11111411111151101 statuo 181 1811 18
11881 [1811117111191 11871[5111]
simplicitas 811 911 11118811 [1111118311]
[simul 511] 1111111 181 sterno 8111
simulacrum 711 111 l spargo 411 stillo 481
3111 881 8814 8811111111 4011 481 stimulus 1811801
118718 8911 7411“ 811881 stips 1811
sine 1811 14 1111518 specialiter 1 1 18 1 11111111 878
7111751811 8111881781 1111117811
111111181151181 1111111141151118 11188118111 [4911
7111119111811 1551[581751] 8118817111]
*8711 4814711481 [speciosus 8811] stragas 8411
581189117011[7111] spectaculum 111 strepitus 1011 8711
111111111841818 speculum 1811 1111111194
1 4518 [811] ι spelunca 1111 stringo 911 441 891
[sitio 481111] [1111111111 81 1811 80 studiosus 151
11811118811881178] 11811 1111111111 11118711

 

