100 ΠΙ. INDEX VERBORUM

11110331 ' 111111311111131 incipio 144
11117011 ἶ 1111111 33111 [110110 801]
1110111101 101110 341 301110110131138133
1108016113811031 1111 3611011 371 111111 0010

0011 711 [011110 01110 3311110 41 110011100131117611
1003111801011] 10 411431101111 incole 44 3111
imitatio 3811 301 114411140111111 110010 711131
0711631 40111110 471111 110011110111118111
imitor 1811 1011 37 48111 431 1 1 11 10 incorruptus 4818311
11071 00111 011111 03 incrementum 8311
11111111011011 q 1111111110 03111 110011οο701
11111110033133611 000 0610710 011 inde 3710 471
1111 i 01110111 001101 indicium 101 111
immo 1913310 1 11681103101111 indioo 7011 [4811]
immolo 701111 ι 1111 701010 7111 [indigeo 4010]
111110101301 73313 731110 741 indignatio 1011 7310
1111110018110133 117017011110 803[831]

¹ 14 301 3111 3811 77111 78110 7311 110131013011[7311]
3911 0316410 601 30111111111181 110111101131
6717001081183 1111183*11[3011 indulgentia 011 711
111 ,40111011481143 3311731
imperium 131 3111 11001011011111 ineluctabilis 0011
3413311030 041 10 031011 0011 03 ineptus 3111

061100167176111 111111011111631110111αὸ311

831 [00 11] 10 6311010111104 1101111071
1110101710113311] 1001111111 081 1110111010
1131110817811“ 71101111111110 74 infelix 301

811 11011 7011111011 111111311[311]
1111000404 071 1111 771110 80111 11111010101411
0110101160801 111111811111183 inferior 131 7811
impingo 3011 5 11] infernus 0011
1111110401 Ι110111370[0311] infero 07110311
impleo 39180310[13]][111130111111 7411 infinitus 3011 3111
imploro 031 8310 i 7030 763] 111111001930 3310
impotens 00 1 inauditus 161 3411

impuno 3311 [[1111111111174117011] infixus 4010
11113*03*014*0 110110100731 1100111101010
101110111811 11011111011 ¹[iinfre 031]
311111010101113 incedo 4011 [1110101711

11111 13111111 incendium 1311 30,1111111010031
1011110111117 11101111 tingenium 431 7410
10111011 1811111 11011110 3010 [81 1] i ingene 0411
1311301110 311 incertus 1311 kingenuuo 731

330 3411101110 1110100141111 3111131104014010
11361137111381 100 3811 331 331[[11111111οο 8110]
11111 3310 3011 [1101110 7011] ¹mhumnnue 3011

 

