111111111111111111111 98 ’

12112311241121 11 111111111 80 dens 1611 1
11211128111129 11118111] denuntio 1611 681
1111 301 8411 39 (1111111212611 depascor 6911
1113116411101111 debeo 911 121 261 (1111111111130118111
cupio 11 2111 291 11 8811 64116111 (1111111*8111212611
8011811 141118111 descendo 311 6211
1111111811 91111 (11111111 691 6611 *101 [491]
1211 21111 26 (111111111113114 (11111111111111201
11101 1111811 (11111111 41116318211
cure 4911 101 decerno 191 211 81· (11111111111118111 11
[1111114811] 11411481101180 11281
curiosus 611 611 1181118211 desidero 2111 2811
111121118911131 [1111111191] 231111891111
[1111114811] decimus 4811 *111 (1111111191
1111111241 6111 decipio 111 31111 (11111111111812011
11111120114011411 11111111111681 231160116111
611 681691110141211 (11111111111611
[1111111911] (111111141111811 desum 1011912111
custodie 2911 decoquo 61 1111241 3611 6111
custodio 141 8211 (1111116141111911 desuper 201
33111111 [decursio 4811] detego 1011 1611
custos 111111 1211 111111111011 181111 2111 8011
1111111011 dedecus 1111 241 31114211
cygnus 2111 1111 (1111131111 11111
cymbalum 1114311 [1111111191] . 11111181191111
[11111111 1111] defendo 22112911 Ι 1111111111111411
defensor 611 881 so 1211 111 2211
¹defero 1611 1811 3811 231111241111111
Daemon 3311191 deficio 6118011 111111 2111111
(1111111111112611[18 defleo 11 11 301811 26 1 1 1 21 *11 1111
11] 4411 281111111291130
domno 1111 8011 (11111111141 11118111111132
88111311 (1111114211 5 111111831111111
(1111111361 dehoneste 11 34111111131181

111112111911111111111111111111 114 81111 881139 ¹

201121111221111 4811111 11114011114211
2411113011133 (1111111161 i 4411141111110
ἱ11 8411 881 4311 (11111111111011 11111111 1311114
1111411149110 (1111111 111 2111 1111 111111111
1112111111111 2818911 = 41111181111601
11 181 181 61111111113911 ι 11111116111621
6611 6811 191111 (1111111111011 1111 64111111 61
1111101111111111111111361 i 11111111661111
11 191 811 [4411 (1111111116111 i semeso 681111
431111111111491 (1111111112114111 111111 6911 10
1211911631111 denego 4118211 1111111111111

 

