116 111. INDEX VERBORUM

9111-1111111116 1111311111*11161 13134611611161
11-1111111111191 111911111111110 1111111611
summu 61 1111 11111 1111 temporalis 3011
summitas 1111 1411 1611 11111 1111111911111116
11111191161111 191110111111116 11601166111611
111111611111116 1111111111111811111611111111011
1191113111368 111911911113111 111111611 ·
9911 41111111 13 11 381 39111111 10 tenebrosus 1911
11611101111119 1111411161116111111113*1111011
1181181111[1811 1110163111611] 31116616316611
116011] 16118111111601111111611111
111618111913111 116116111 6911116111

sumptus 111 61161116811169 11119161111111
111116011[111111 11011111111111 11611191111110
61116116911681 1111111911801 1901199111111
1111611 1111 19 81111 [1811111119 111111111166111·
11811111] 1166111169111111 6011611611166
111116116130116111 11111111111611 11111110116111
[111116111681] 8011811] 891[6111161169
superimpositus 1011 symbolum 1311 611 11 6111631611 11
superior 161 61 11 611 111111 111 111111]
1111111631 611 terrenus 1911 111
superpono 9111 Tacitus 1111 1611 111111169116411
111111111111111191 1111 terribilis 161
11113011111191 1111111161 111-1113111111
116011 [11111111111311133111111111131113111
111111111111111191 1111191131 1911611
supersum 111 6811 1111110111111111 [11111111]

superus 1911 [111111111111111] 1111111111116111
supinus 6111 tango 661 ¹'testificatio 11
supplex 96 1 36 11 11111111111311111 testimonium⁸2e 631
4111 119611661111111- [611111]
[supplicatio 111] tum 1111 1111 *63 [testis 191]
1111111111111118 11 [36 1] 11111111(111)3111
11191 111111111011 11111111101181111]
supro 63116611 66 tauribolium 1111 theutrum 9111

11 [6911 1111 111] taurus 1611181 [thronus 111111]
suscipio 1611 9111 tego 191[661] 11111111111
3311611 temerarius 1911 1111116111111311
suscito 601 [1611] temeritas 961 601 [1611 6911 16111]
1111111166180111 13111811 timor 9111011
sustento 1011 6111 1111110661 tinnitus 111

66111 1111111111111 titubo 8011
sustineo 811 1111 30 templum 81 101111 titulus 6111
1131136160111011 11161111111116 1111ο60111611[61
susurro 6111 1131113119611 1111111]

 

