113 111. 13311 3133331113 ’

remus 7611 11333331811361111 331134313813 33
1333333161363833 31314434633633 13 633 6433673
331713 333433 7337633 ’7638118333
46336611 1316331361163,3331111311111313333
renovo 61 33 363 3113411 301313 3811711[7613]

· 463163333 33367313814411 3331111113 7813 [783 J

1333133333 3831 61337613 [63331 1331]

repleo 113 63131133 633 7633 33311133111114313 663
repono 373 33 33] J 7811803
[1331333613] 1111311 us 366 413311133313313 433 1
1331113433 1133413733 ἶ4674836016433 ἶ
repugno 3433313 11131313 37313 7813 8038113
[requies 80 33] ritus 13 33 333 1 sacrosanctus 3113 33
1331111333 663 1133113 361 1 33 403 7613
133143 133 3313 1333137613 1333331111 4633 663
13 4111 43313 63 [rogo 813] J [63336433803411] 1
13 6311643138013 rogus 3813 6333 γ333313 7613 7813 ·
133333 613 ross 363 ὲ 3331013 1613
1333133 3011 361313 rotatus 66 33 1331131 431

641 3 6811 11 rotundus 333 sagino 4413

resisto 63 31 6413 1311313303 ἕ[3 ’163 66 3]
[7633] [rugio 7613] pselim 3634711
respicio 3013 37 ro ruins 6013 643 [33103 3113

3313 8013 [6313] rno 3633 [3311331741
respondeo 813 3313 13333181 [331113 633 71313 343
4413 6331 6733 63 rursus 61313 811 3Ὶ 33 341313 3333 40
1313 7111 733 733 33 331 4111 4610: 33 444 6411 6613
[3431] 7633 786 803 J 6733 8613 7013 73
responsio 3413 rusticus 13 33 30131 13 7733 8333
responsum 4613 46 3733 331113113631813 343
11136118013[4333]] J 46316613 8133633
respuo 3333 83331 1613634183 703 731333 8333
restauro 73 6011 68317837613 313-13311313 3413641
133111136333666 crum 43 63 613 [3313111133 481313]
13331133113673360 73131333 833 313 3333133333 31163
13643 1311111331 1413Ι 13 46313 4634813
13131333 16311311337313 314613 60313613
retorqueo 3013 33 31 333 333 63 3Ι 36333 66131 6613

1333683 131313 1 611133 6333 633 ¹
revelatio 463 6611 sacerdos 81103111 11643133663663 ’

71337713 1613 3633 3113 36] 131368371337313
133313 6711 13 441167-1313 601] 733 7437333 7713
13331330133331 7613 [733 7433 76 33 813 [4613 433
revertor 1113 163 1333] ¹ 04313 683733] ·
44116333 3331333113111603 ἱ3333113613831333
13313133381 secretissimum 161 333 66131313 87

 

