111. INDEX vnRssossUM 1Οὸ

1111611611161161 118117118117[64111171111111114 ·

7611 11 7611 8011] - 17111611311133
1111161111 4111[7311] nequa 1711 8111 113911401[6611
myrra 701[6911] 6111 [7311111111 801]
111161111114114911 741 7671111 761 1111111011111161
“ 111] [16111191111111
11111161 917 1011 1111111111113611 ζ 11*11141826111
(161116.)18111911 11111111 911 1411111 161111 611111 34
111111111111 aaa 11111111711111
11133134113611111111161133116011] 11 10141411111
3711691631667 781811 [11114114714911
6911 1111161[*811] ] 60111611611111
nanciscor 1611 nasarius 111 1311 1811 6911 6711
111111111101 1111431167117011 681711711 711
[1111117311] nefas 3811691 ⁵ [61166116111641]
1111111811 1311101 neglego 611 nomino 4111
1114314711811111111111 non 81111 91111
111 [1111] 111611117111[7111]Ι 1111 1111111 11
1111171173117711] nempe 1811 11191111111111
nativitas 7111] 1111111111 3111 13111611301131
nato 411 111111111116117811 113611 36111111
[1116114811] 111111311711101 11 38114011461
11111111113116 11111613013411 47118111166167
1141111 36160116111 116811601111611
naturalia 1311 131 nax 611 111111 16 681711173117611
navis 111111 11 1611 171 1811 11791[311461111
16101111161117 *6811 46111111481143
11 161 171 3111 niger 181 11611331010 7111
341361361111111161171111113111 7417111 71111
39111111461160 631*3413711611 1111111111761111
11116616717111 161661111111111 771717811731111
741 781111*1111 111169111[6111 81111111118111]
·11791118011[61 7611] (nonagenarius 3111
1176118011] [1111116111] nonaginta 1111
11681111 31116611 1111111181 nondum 3011 6611
7011 nisi 71111 1011111111111114111611
1111611111111 71 11161 3613411 3016311111341
8119111111141 33114811661[46] 3717 4114811111
1611711181113 11761] 11411101166711
11111111071111[11116311] 631111 611 6311
11181111111 3111 no 411 Ι 64116111671687
1311141111 1611 1161611711 1 11 71711 731111
181111361111137 noceo 341 7611 791 [611111
11 381 4611 461 [1111611711] 711]
47711 6711 6811 nocturnus 1111411 nosco 91111 1611
6611671111 7611 711 , 771[811]

 

