108 ΠΙ. INDEX VERBORUM

periurus 36 ιι 6166111116 341 [66116 636 166161]
permaneo 68 66 61666 116 [66116 7616]
perpetuitas 776 plaga 3916 poseo 3966
perpetuus 316 376 plango 66 7616 861 posside 3966 6311
3816 4016 461 47 96 341 36616 30 possum 1011 1166
166016 6916 6061 116666 6716 681 141616661616176
636 696617061 6911 1619663163366
661611666666316 71 *6166166166 331 3611 3666 38
ιι 7467316 7861816 plastices 1614 16 39 ιι 3114 3316
perequor 17613611 plebs 176 6616 706 3666366466 37611
39167681416 7117416 4311 464 47616
persevero 3616 6166116736[6616 731] 4814 606 63 ιι 66
perspiouus 171 6311 pluo 6611 66 63 ιι 674 6864
perstringo 1911 plures 19163716 696166 8316 [7361
persuadeo 86 3116 plurimi 3611 3661 7416 7666]
6017011801 [ 4014781111 ,66617661611 336
persuasio 1161 331 61116169ι1[7666] 3866 3064 3366
34611366376306 666616643644611 6816166646 661
371476 6764 601 4661 [8066] 16 6816 3916 736
6616 67 ιι 681 70 [poderes 3316] 766 [806]

64736 7816 poena 81111 1666 [661166 7616]
pertinax 6816 196 34 11 34636 61 posteritas 3316
perungueo 6716 6816 376 39 eo 441 466 666116 716

pervenio 311666 436 461 686 69 64 7061 [postremo 8116]
671 7016 8016 781616 791 8011 6661616661466671
6611616111 316 3966 8161 potens 3016 [6961
67116461 661161016[7411] “ 631616]
’66116116311 661116661 476 6716 66166166 96 13111
pervideo 6911 836 16111713663311
pervigil 4911 61 pollicitatio 67 61 681 6916 631 [1 6 64 6]
6663066 [6361 63 736 661161 761116 366
1666 3414 7316766] 661166 116 336 34 3116 3314 3816 634
pestifer 3916 4316 1636660167673 796[7716]

6316 666 7016 11 7861 potissimum 3616
pestilentia 731 6611166 86 184 31 so poto 3416

6616 1916 3616 pondus 4664 776 potus 404

66116 706 [66116616 66716 366 [61666866]
physicus 616 76 86 33 ιι 63 64 67 16 64 61666663163316 664
946 331 64 8016 8316 [6411] 61666616 636 716
6161666666666 1661111116111163811 praecedo 184 3913
[piger 7316] populatio 376 4616 601 686 736
pigmentum 6866 populus 1816 3366 [6616]

piissimus 606 7411 771 8166 83 61666661111114716 74
pineus 691111 l 11 [4816 6111 691 16 7761 [7766 831]
pingo 306 [ 66736 7714 8116] [616661161664966 63
616666 104 3714 [6616663666 3661611 16]

 

