111. INDEX VERBORUM 101

inimicus 24938764 insania 1766 l 2766 2866 3164 36
66 [696 646466] insensibilis 686 l 666 9666 3766 426
iniquitas 6916] insequor 4629 ⁵ 4826496266 606

iniquus 66 66] 666166666666466666“ 666 666 66 66 666
initio 266666 276 insigniaoso 1266 44 7066 71666 72 66
initium 2466 8266 6476676 8266 746 76 66 66 [49 64]
6666666862966[7664] insinuo 484 776 inventio 617
inlecebrae 136 3266 insperatus 76 66 investigo 196 42 6
6616666 16 26 inspicio 2966 j 6466

inligo 126 17 66 instigatio 686 {invito 206 82 64
inlumino 3011 6661666666 886 48 26 invitus 816 82 66 39
inluvies 6764 6666 6426 - 66 406
inmaculatus 481 instituo 19 66 invius 182
inmaculo 39 66 institutio 266 involvo 606
inmerito 2666 institutum 1866 2864 [iocunditas 6966]
inmensus 186 3293764 68 67 7766 [iocunde 466]
inmitto *60 66 [66] instruo 8066 6666 366 66 6686 766
inmortalitas 446 606 integer 146 1866 296 66 866 66 10 66 146
6663666666676 926448660481 6616620662266
tm mm wmmffimwm
inmortalis 446 43 66 intellego 24 64 26 64 836 66 36 66 86 466
472 6666 6661617 intempestus 7066 4164 4866 46666
6866 6964624346 [6666666694] 496666666 68 66
66464 7266 77 66 intentio 136 62 6666 666666 38
786 66666106186266 66666 6966 7164
inmundus 2866 336 646 726 7666 80666
[inopia 4666 6166] intercipio 1666 [4826 49 66 616666
inpatiens 286 interdictum 796 78 66 74 66 66 24 76
inpatientia 81 1966 [interficio 466 68 66 66 66 776 89 66]
216 616 8164 82 6] 666136 146 894 [66
6661666 *2 66 26 66 interiectus 106496 66 82 6]

inpono 422 4926 702 interim 8222 iratus 766 89 16 62
766 [6366 79 66] interimo 276 696 7966

inprobitas 28662666 [77 6] 66 36466 666 666
3166 8966 4866066 interior 1666 4366 1066 124666 66 64
inpudicus 10 66 119 66666666666663264666 16 64 66 17 69 26 18
inpugno 146 linterpretor 3266166 64 2066 216226
inpurus 1066 116 81 interrogatio 62 66 66 26 236 2466 6666
66 694 interrogo 796 2644666666 26
inquiro 866 2964 87 intimo 164 496 66 2766 286 2966
66 436 [46 66] intra 3366 3766 3966 33666 8466666666
inquisitio 696 66166 604 836666 88666 3966
inquit 376 44 66 7866 [introeo 62 66 66] 41 66 66 44 66 46 6
inreligiosus 394 1nvenio *2 6636662 462 4766496 606
inretitus 696 647666466166618 6166 62666666 63
66666666 66 1966 204666 216 6 6766 68 66 69

 

