11119991 9991911911 119

[999111991111111 99 19 *vinolentus 189 9191191699 189[641]
1499] 1199194419 491 [44 9111019199
[99911199 6319] 19198099] 9999419 119 1919
999119 1019 1119 10 viola 109 3319191419 399[96
19 1119 violentia 819 99]ι

99199919 99 8019 91919 19 91 [99 ’1ο 199]

9199 [639] 911101914111411 9919 (919) 1111]
99199199 3199 919 111919 [1919] 9919 61119 19999
vexillum 541 virago 3199 899191919191099
91911913914999 virga 919 10999 1199119191119
1919309991911 [99996419] 18191414941699
99 [4899] virginitas 105 3512 1819 869 311119
vicibus 819 4911 3991 401914 4199
91911199 189 10 99 &3010419252010 19 469 41 1 19 4999
1101881111 203 1⁶ 2114371319 282 5881615

Visstimflu 335 395 67 3510 491⁶ 6515 20 VOllffltaB 314 3710
19831[11919] [66],36916μ4ω] 9819 9496811809
919191 949 1 virilis 10 11 voluptas 1311
91919119 9411 8210'virt 9 22 26 vorago 1099

839 ¹¹⁸¹ ⁹ ⁷ ¹² 999, 999111, vobis 999
911998991019189 15 mm 821⁸ 9911191119191119
19191919911111 56 5 63 131999 1499 949
1911991494169] {4⁹¹²7795 ²⁴ 391919 46999999
189919199193019[.1517 ²⁸] 411939 941919
*949 99411. 9919911· 4³1⁹ 4⁶1⁶ ⁶³ 99999999919919
4144899099919 ,115519 80181198191919
996019 6119 6819 11163 2011419·- 19199199 831 [49
1099 131999 [4919 11181141531611 999 4619 49999
639191494 111991111466 63 4] 91191999 9991 91
99199919941999149 619 694 614 *1911 999 9419 99
9911] ;9119191119 3419 1999999]

vigilo 501[4914] 1444 466 419 489 votum 49 999 919
[91911111 1199] 150156165111616 6499 8019 8119
vilicus 9111 ¹ 6614 6991619 [46 vox 109 4411 999
19199119 [1919 111919 161] 9111999191999
vilitas 319 [9149119449 18919 19 99 1919
91199919 9911 99 ’91419699 6619 99 9ο 999 19191111
11 9919 949 499 91919199191199 999 9119 [491919
991914 9919 991 96694464 111911 99191199

wuwmfflww

661910916919 9119 99 1119 1819 19819

vinculum (vinclum) 8694 vulnero 3019

6019 6699 91111994699 vulnus 919 1919 39
vindex 1998119 919911191319 9899 19469

vindico 419 1619 19 8011 [891 649 13 vultus 1019 119 4119
99189811 1 99119] [zona 8819] ·

1

 

 

 

