ΠΙ. INDEX VERBORUM 11‘1' .

[tondeo 7116] triticum 21 24 44 26 26 1812 22 33122222
16226212216612 21 [22] 12 452222 462450
26 23229634645 triumphalis 6122 225 5524151222 56
15 462 6924 [8024] triumpho 382 12 6725 586215 60
torpesco 4622 triumphus 5412832 *22 6126 67162212
torqueo 295 342 tropaeum 5421 1222 68269 22 24 70
torreo 32 12261216 1522 22 782512 8021611
1621262222 5526 [6816] truncus 69 2212 25 15 [4412 592246
162 3016 trux 48 22 22211212 611526 62
16122 1915 322 402 12, 221, tibi, 16 522 2 64 2414252612 72
411 5216 5655712 2622 71212 822 18 5772222222222 81
65212 8012 [5212 12331237444246 22222212221226
7722222225] 126 472161415 49 822

[122662 7522] 25 25 602212 5514 tympanum 43 15 46 26
tractatus 435 4616 222222 5612122622 tyrannicus 7221612
trunto 2614 7015 [73 585662225922 61 tyrannis 615 711
22] ιι 6712122622 6921 1222222264152516
traditio 2614 2222 7012222222 72 16 175224 318
12211652 122215 15 227327822801622

16171419422226 [49652159622212 Ubi 802222 [622]
223111 3722 4322 6412127425 7622 21612662722

4622 492 562 5822 7752425 782 812 ultimus 134
26642266267668 1626 82566] 21116162

27322 [tuba 4822] ultrix 346 3826
tragicus *421 1724 tumeo 76 22 6121212232 2014392
traho 2022 312 tumulus 1622 2222 21216 822
transfero 1242131 2417 [umquam 4614]
ιι 36 22 4716 5016 12226512 7128215 undu 242 705761224
1455422 655 691 24241651217251922669251312164
7627822 22025 40143544 312255227022[754]
1222221122 2512 23 462 48334 502 unguentum 581315
1262262924 5722 614621267 22122125 591416
26216221618212752 126815 6022

trepido 792 1222216 52 ungueo 57 28 [5912]
1262 142 [tunica 75 24] unguis 2012
[1216212116 6126] turbu 1524 2921 31 unicus 19225822 702
2152221112 14 3222 3726 4312 221262222762[7526]
211526 32 722 912 5612 6022 6122 66 unus 1112136 2015
[tribus 725 7714] 12 6824 2326 256 26622
tricesimus 4511 744 turbo 2926 614 2762816 3712 47
1117122222 6028 61 6920 turbulentus 425 2 8 52 25 56 2 66 22
121612216621621 turgeo 204 2626 [51 16 59 22 77
triformis 126 “ turpis 4522 22 8125]
tripertitus 13 4 565 turpitudo 52 26 25 urbanus 3719
1212112 2212302896 1216121522 urbs 1821 2126 86
4525 126252526847212 2425 ’

 

 

 

