III. INDEX VERBORUM 113

111171171111111 1111116011 11111114116171121
1111111111 761 [46 seeundum 6611] 1 601118111 6911
11721] 111111117711] 1111111141 611 [61
sanitas 611611401· securis 761 1166111171111111]
861 1111111 661 septemtrion 6211
seno 761 [771] sed 614161616 11111111111611
11111911411 761 11911111111161 septimus 611
-11111611017 1691117111191111111111111161691
’2116711 101121111111111 sepulturam 171671
11111114911 1116112411161116 661
1111111114411761111 1111 1811 601 61 sequor 16111 1111
11111701 11661661111111 21118116711441
satelles 161111 671111691111411 46111146114911
1111116711 4214614616111 601166116716611

11111711201671 66160166116911 76177117617111
1111111281 71176117911811 11111111111
1111111181681 [66149117611] 11111171119111116
11111117116016111 [11111641171117611] 11 2611 1111 6211
11111701 1111116114011441 64141114611671
111111111111111117 6011 6411 [611] 1111 4111

1119116111611·11111114611 serpens 1111 1611
661681170117111 seges 91 11[9]

1111111111 16117 *segmen 6011 serpo 1016711
111111 16111 1911 selle 1611 6111 6411 servio 1111 1011 1111
60116611 66111 semel 4011 171111611661166
1167116711791 1111116117181111 1[4611661771
sceptrum 16116111 11161117111911 601611111]
11111111111611 6117811 11111111611681791
111111111611169 1111111611 111111611611611
11 66 11 6111 671 semivir 1711 6611113716611691
11 69111 781[761 semper 711 9111 12 servus 4911 [4411
1111] scitum 7611 11171166113711 4911]
11111111011 [7111] 6911441 6811 64 severitas 7811 791
1111111661 116911170111111 80161111 .
scortum 1611 8111 11 11 severus 411 1811191

· 1111111491 7711 80 1111111111 6711 18111 6811 6911

11 [61 11] 1111111191 . 7011 Of. ad 6611
111111111116 11111181-[1111111 1111110111116711
11111116611 711111] 1110111111411111
sculpo 7411 sensus 111 811 1611 1411 161111
[11111111117616] 111111111911166 16111181129111
11111111491 11111- 11681166117011 1111116614011
111111111111114 1111111111 11111111 111111
1411 16111111 61 sentio 811111[761] 661111 741 76111
1146116016111 separatione 6111 [6411 4611

161 1911 11111161114116611 60116111811]
Firminus Maternus 111. 1113111. 8

 

