’ 94 111. 717777 7777777777

77777 78777 74 77 differo 88 77 *78 so 8777777787187147
77 76777777 777 difficilis 787 4877 6878777

78 77 7977777 80 77 [7777777777 58 7] 717777 777 1177 18 77
8177 87777 7777 77 igsstus 5777 45 77[77]

77 [8477 85788777 [7177777777 78 77 78 77] 7777787677177147
7777 6877177 777 ’7777778077 77777187716771
777 78 77 74 77 77 77 dignitus 74 7777 88 77 77 7777 787 74 77
78777 77777777 76 50776877 87777877

7777 so 77777777 dignus 17 77 187 75 7777777777 7877

7777 787 7777 7977 77 76 77 81 77 [77 7] *divinatio 77
80777 8177777777 dilutio 1977 divinitus 977 8177
877] {dilectio 58 77]] 847 7077

devoro 811 iligeus 147 78 77 divinus *47 877 77
8777877507 [8777 8777487807 7777787777877
dovotus 7777 817 777 [7771787 59 77 77 77 77] 877 847777 8677 45
[dexter 887 887777 imovso 87 777 46 77 47 77 48 77
6477 7177] (1777777077 4077567 88 77 57 77 77 88 77
717787177777117777 [77787777 78 77] 5977 88777 68777
17777887847777 isos 71878177 6877717778777
4877 58777 8877 disoip' 7777 4877 777477 7777 7877
57778877 8577 67 4976477 80788777 887
7687 707777 discipulus 847 divisio 1871477
diodsma 58 77 777777 787 797 8077 divitius 19 77 4177
dioutus 8777 817787778877857 777 787777 4875077
8777778777787777 *8877887487467 6476877 7477777
877771077177777 4778877 6077 7777 [817687 6477477
77147719777777 687770777878077 787777778177877]
7778777 757 7877 8177 doooo 8177 8477 78
787 87 77 887777 *7777777777 777 77 [6477]

84 77 87 77 88 77 40 disoutio 807 . documentum 887

77 4177777 77 47 dispensatio 87 77 dolor 16 77 18 77 71
77487777 48747 *dispenso 777 7777877467

77 48 77 87 77 857 [disperdo 8177807] dolus 18 77

87 77 6177 687 88 7 dispioio 67 4877 5877 domesticus 887
6677 6777 6877 68 dispono 687 dominatio 887

77 77 78 77 74 77 78 dispositio 787 87 77 dominicus 877

77 [84 77 487 4877 8877 6777 6477 667 dominium 767

5077 5177 6877 84 dissentio 177 87 77 'dominor 88 77 47 77

, 77 7177 7777477 76 dissimulatio 80 77 i ’8077 687 [0477]

7777777777777777] dissolvo 7777 777 1877777777 77-77 tom
dios 577 16777 78 dissonus 16 77 76 77 oga ,871774

Ι
77 7477 4077 417 diu 1677 1777 1871 7777467807
4777487 887760 ·187887887 immodum&
77 6177 so 68 77 77 77 8077 807777 8777 tlt-sumum,

7077[8778177687 diurnus 611 j [8774477 457777
647768777778077] diversitos 887 697 J 77 77 48 7777 8077

 

