111. 1111111 1111111111 19

1111 161111 11111 11131111138189 11111111 141
18111941111120 11111114011111111261181113611
11211122141123 41111114311114 111116141811
11111 2411111111 441*1411114611 ianua 6011 621
11211126111211 14411181111411111111012118111
1111111112811291 11111181111111 4114411411146
811111121111111 111160111146111 11481118111911
1111111184111111 6216111111661 6311661111101
81111361111181 14116111168111 1111141111116
11111111184111 69111110111114 1111111113118111
11113311140111 1111112111111134111141111121131
411411114 4211 1·8111311111[311 41162116611691
441111141111146 46114311181163 1101111111
Ι1111 4111111 481 111 111111 1411.. 1111111111 1211
111149114111110 11111914] idololatria 1211 13
1111114111211111111111124111111 11141814
18111411111116 111118191111111 11111111161184
1111111111111 2111211121112 1469141211131
111811114111111 11691 1611118141411611]
1911 601 6111 62 11111111111011] idoneus 1111

111 6811 641111 61 1114011611 [1111] iecur 1811

41119 611110 681 horror 4111 [ieiunium 4811]
11116911111011111111111111 · [1311116111]

11 11111 1111 141 hospitium 111 2111 1111118411 121111
1111111111111111111116111 [2311 11341811116614
181111119111111111118311411111 11118111811401
80116111111482 621110111611 69111111161[63
1111 [1111411111 111111111111123 1111118011821]
111116111111111 11841 31111 361 ignitus 61
1811911] [8911 111111114111431111111111111111
1111111111812611 1116011811611111114161161111
1111116111611 66111116111101 2611 2811 801 61
hinc 1013141411 humerus 1611 101 11431141141146
1911. [1611111] 11411141111114
[hirundo 114] [humilio 6111 1914] 6111 6211 6316111
histrio 1111 humilis 111 6611 6811 6911 10
1111111281 11111111184111011 141818011 [4411
1111111161118211 [1111] 11491111121111
homo 11 211 611 hyacinthus 201 6211681 18111111
14111181911111111111111 14111111111161
111 131 161128 1111191111118111]
11112411211261 laceo 1614181 1111111418111111
1211281128180111118141 1812041121111
111181132111111111118118121111 11611411114011
311111111111341 23112611361111 4111*6914181[16
1111611118611 116111 118111]

71

 

