106 ΙΙΙ. INDEX VERBORUM

1111111111181113 301113111146 4111111421111
112411 2514 3011 116016817311 52111311541151
31113411471150 ob 1311 224 311 56115711116011
11511155115611 324 61466111111691
5911 71111 7611 [obdormio 6114] 701 711 751 78
77118211 [511 61 obligatus 6611 11 8111 [3514411
111111721771] 1161115811 45115111116311
[11118011] “ [obliviscor 6111] 64171 721 7314
1111174191 5711 oboedientia 671 7711118111821]
novem 1111 oboedio 661 11111111 4511
1111111111151 obscuratus 411 11111541
1111111 4211 obscurus 1211611 operio 911 [764]
novus 2211 5211 61 [observo 641821] 1111111331
11 6611 7011 [491 obstinatus 241 7811 1111111746511[7411]
5111641721] 801 opportunus 1614
1111411 4711 5714 11111111111 [1116111]
11116911117011 obstruo 801 111113011
711 [634 8011] 1111111421 opto 27112311
nubes 634] occidens 561 opulentia 4111 831
nudus 7511] occido 5211 1111 1614 231 2411
11111115111611211 1111114112211231 4711 5011 16111
25114715816911 3011361138167 5816811731[741
731 [7511] 11 711 [11 724] 7511 801]
*1111101141111111 [1111116111] ora 181
111116111011111 11111131171 1111111128113411
12112711911135 octavus 4811 4511 4111111111
14 3611 541 5811 1111111311 2011 47 *11141211511561
*6014611162111 11[51111631171 58153116411661
63168117911*8211 14 7311 741 8011 7114 [4311]
111111115711711 8111] oratio 2311241651
numquam 3711 82 [odi 5911] “ 7414 [72 1]
11 11 [7311] 11115811 orbis 3111 561 5911
1111 811 2311 211 [odoramentum 721] ¹ 6118211831[7111]
33114311317811 1211116014 [116111116112414
1111111381 121114411831[631] 11111184 3117811
111111201130113611 [oleum 5911] ¹ordo 311 711 311
[nuntius 5611] 1111244 i 144 16111 1811
[11111431] 1111681 i 1311231*291301
nuptiae 3014 [4111] omnifariam 1511814 4 3211 3711 4011611
nutrimentum 3411 omnipotens 6111 , 551 1711 5911 6211
nutrio 1011151331 omnis 314 411 out 6411114 651 6911
1111 Ι 14114111111111]1111111111

’ 1411541611118111111112511561

1341112012314111116511

051171111112 211126142812941111138141111481
11111111234261 113011113543711152116111

i

 

