III. INDEX VERBORUM 103

661111 391116 49 ludibrium 1011 6111 641616 811
11 686 606111 66 1666181 8116
16 6916 70116 71 lugeo 76616 96 16 6116671-6116 41
16[6111761111161] 11 141116161616 164316
1166616619719 791 1611 [6161616311]
11661431 666 lugubris 1111 6816 616611666416 66
libidinosus 161616 lumbus 4911] 1111 7717816
libido 13611 14617 66611616 111640 mando 771
111618114111816 16 414 411 4716 manduco 4316 [4411
licentia 3416 616 *11114311491611 461]
11661 1611 171116 67116111 61666 916 361611
18130116111 166111114011 78611
11166669117011161 lux 716 ,4611 481 manifestus 16 161
[76116761] [47166611] 1616 3314666111
1186666416 661166 ⁴ 6811 7716 7816 80
61 69161161616 Machina 7011 11 8111 [7616]
7011161611 [71 11] 6166111011 661 731 [6116661666 69 6]
111166106 6166111616 6611 munus 1011171660
limus 661616 676 11 641 6611 671
[lingua 716 1411 maculosus 111 70680118111[616
7714] magicus 171 6611 731111 746
116116661661611 magister 3116 331 77180111811111]
lino 711 magisterium 7811 61169111061816
liquor 731 magistra 37 11 41 6 76 11 [77 11]
11166 1111 11 6186616161711 671 murinus 189
1666 1611 6711 maritus 416 16 1616
16666316 *44 1611 mugnus 4116 4411 16161
10616111116116 676 [496 611616 6116171191111161
31113611371161 6111 6611 68116 1711191611 1016
116411 7716]-611611116 1116 1111111611
166666111641116016 1911 401 736 761 1913816916
1666611316 6316 781 11 8111 [4811] - 611611661916111
[61116314 74611] maximus 1011 146 maturo 611 96
161161 131 11 601 811 maturus 811
lubricus 8011 [6116616666169331 me. mei, mihi 816
1666613114116411] 341146116116671 91 1061341111
47111616 i 681169111661161111416111161611
[lucerna 4916] [63166117167116 11111613311341
11616616116 ζ 776 831 661691 [461646
lucifer 6416 [6116616166 7411 111116 4916116
luctuosus 606 7816 i 6111111 611 [7116] 6314 16 646 711111
166166 661111 66[6111116161171 311 7761801]
71611 916 161 6616716 66116661
116 131611 1666111116 166 medela 346 3916
11396 6116111196 161138 medicina 3916 401
166166616117117011. 6 4011 441 466 6661666116 6111

 

