111. INDEX VERBORUM 115

1111111111111 11111111 ’ 6116411111161
stupeo 431 [sulphur 8011] ,11111113111111
suupro 1814 11 sum 141111 [461141] 8111 1411 11 [41 11
stuprum 1811911 “ 11411111611111] 111111111111111
suaviter 101 6411111111]-111 1111*1141111111
11111161111611Ι 4111111[341ο111] 111111111111111 ·
· 8111 [8011] 1-11111411111,1111811]-11161
subfigo 141 [61111111111111 111-111111 1411
11111111311 10111111111111] 11111111161111
11111111341 131114111111111] 113111111111146
1111181341 11161111111111· 1ο 48 *1 411 13 *1
1111111ο 111 111 111 1111 11111111 1411011 1311[11]
1111806111 11111111111111 -111111111-1111
sublimis 8111 11111811113111 *3113411111131
111111111111111 3111111133111111 [4111]-1111*111
11111131111141 3111111361111111 31 411 6111111 1
[1111111111116414] 1111 31411111111 11 111111 11111 11
1111111111411 113811111113111 111111411111111
1111111101» 4011114 41111111 111111111114111
111111111113111111 48114411111111 16111813111331
114113111311 11114111411111 14*111111111401
3614111144146 41111111110111 4111481411101
111311111113111 111111111141111 11141111111118
1811 11131111111111 11611163111111
subtiliter 6111 Ι 111111118111111 14416111111-
[1111111111 1411] 1 1111 6011 611 611 erut 811111011 13
subvenio 11113911 11111116616811 116111 311 6111
succedo 1011111 ,1111111111111311 6111141[6311]-.

succingo 1111 [14111611111180 1111111811 [6111]

111111110116111 111111 811 [4111 -11111161461-
111111111111411111] 11 4811 41 1111 11 1111114111 - [erit
suggero 111 ·11111111111111 11111116118111
1111111, 11 411 1111 11111111 11 1 1 61 811-1111116111-
1118111111141 1161111131641 1111111111 111]-
,11111116110111 111111111111114 1111611-11111111
111111111111 111111111111116 1611111111111
111111111111111111111111118111 30113111611131
111118111111134] 11118111] -[11· 11181[111]-11·
11 111111114011] 11111111 - 11111 11111113111 fuere
4111314111481]1411614111611] 4111-11111111
111111111111118· -1111113116 6111-11111141
111160111161 111111111111 4111111111-

1116111111110 1111118111114 11111111111-11- “

11111811 [111111 11311361138111 1111111111111111
11111311141111 113111140111111 -[11111111641]-
1161] l 11111118116011 1111111411111111

 

