Ι HI. INDEX VERBORUM 97

extinguo 6314 11111101111141111 1111110411
exto 61 161171146116111 11111161 19111111
extollo 601 [61111] falsus 471 6711 [74 111111111111191
extruo 16116011 117611] 611 3611 371111
exulto 641111 6111 11111811 381
[4814] fames 311 4611 filius 11 1111 16114
111117113811 1111131116611611 1611117111911
11111118816111 fastus 711811 18113011311131
fauces 8411 46167 11148168111160
1 1168110711 111161111166170
{Faber 7411] faustus 641 111 31111 8111 [34
1111111116 11 111111114113611 371 1ο 4611 6611 6811
fabricator 311 391 631 *1014 63111 641 811]
fabrico 3011 favor 641 8111 findo 611
[11111111 7411] fecunditas 1311 fingo 611 1611 111
11111193117611[611 fecundus 66 11 7811 1411 8411 4119 414
61116311] 11111111111146147 434 6711 6811 [73
1111111*141671 1164118111 111111]
111111111111711301 Felix 4911 6411 68 finis 111 1811 101
3111 11 8311 [4911] 371 [6111]
1111111411101116 111111101111117 fio *1111 141 1611
1114161111111 116111 3611661761111
1113111411 1711 111111113711 [3411]
1911111 301 311 [1111111611 691] firmo 661 ‘1811
11131113811139 1111131 11311111341
11 1311 601 6811 feritas 1611 191 flagitiosus 1811 311
69117011117811 111116111911311 flagitium 181 181

’· 1111111111 1111111 [1111] 1113111111

111116116171611 ferreus 3016 6011 1111111341 3616 37
814111111911101 [61111Ἰ 1138111111461
11111111111 111 111111711401[611] 601 69111111 761
1611 1611 11 171 1 111111140179118011 [6311]
111811911111011 festinus 671 flecto 791
11111111311114 festus 1611 111ο6711
111116111181130 [11111111 6111] 11111913916711
13111311361111 (111111411661 1ο11011

361 39 *11 401 1111111641 ’111111181111111611
4111471641671111111111113411111111411711
68116011611164 48116016111631 1111ο181
1166111111661167 3416716611681 ’1111111111
111141108116911 811111 1ο1111361
70117611801181 [11117611] fomentum 611 1411 ’
11 [8411 441111 1111111601 1711

6146 611111 73 figmentum91121⁵ 11111701 131
1174176111177 1311 1111116011

111 7911] figuratio 101 forma 81 1611 1611

111-1111111 Maternus 111. 11111111. 7

 

