III. INDEX VERBORUM 111

5755555 7655455 6215 7115]-5515 recordor 6215 ,
55 7755715 785 79 tuderto. 1555 345 55555555 75

15 815555 55]-551 46 15 [80 55] recrudesco 395
indefinito 2851 29 quicquum 191 [7655] rectus 35 55 [59 5]

5 55 32 55 7815 54 [quoadusque 525 64 recupero 555
551551615955105 15] 555555915 435
15111555 1655515 55513151557585 reddo 555 655 755
2555 2655 3215 34 1515915 *2115 22 1115 3555 40551Ι
15 405515 4151515 15 2751285 415 445 6055 6155 705
42544555815675 4515151545 585 8255

6977655 [4515 49 6415 705555 7517 redimo 1155721415
11 5155 755155555 7615795 [725]

5555765 777] quodammodo 135 refero 11152255
quicquit 1555 1914 [quodsi 815] reficio 3415

205 2455 275 285 [5555515515 75 55] reformatio 65 55
325 365 375 3954 quondum 2755 reformo 855555
405 4655 6217 6455 [55551551 45 55 495 refuto 64 55
6656855 51 7355 55 515 61157115 regulis 1555 6415
quicumque 26 55 27 7257355 7755 8155] regina 755

5515 [645 80 55] 555555 87 2355 295 regio 125 17 55 5215
quidum 175 18 55 39 7257755 81 15 [75 55] [7555 55]

15 401515 415425 · 5551551555285[635]
43 5 55 52 57 57 55 Rabies 6755 regio 1515 505
705 radicitus 195 reguo 635 [594 727]
5511551125 16511 1511556155 regnum 1555 17 57
24 57 [525 7355] 5511111277 565 705555 2955 3113253615
quilibet 2157 rudo 55 [7515] 5955 625555 6415
quinum 465 ropcx 377 66555[5356315 725]
5515555 3757 rupidus 245375 rego 5957

quintus 385 rapio 19 55 20 55 214 relatio (= ‘repetitio'
[quiqui 82 5] 22 55 285 14 Κ5) 17 55

5515 15155559. *35 6 raptor 2057 215 55 relevo 445 8255
555155 75555 95 ruptus 20152115 religio 155 315515
55 1355 2255515151 ratio 25 65555 75 3555543555 555
55 55 55 55 55 23555 8555 9555 125 145 religiosus 25 5 30 55
515 2455 28155515 2255 23552555 35 32557 3455505615
55 35755 3615 375 15 4015 42743548 55115555 1155 225
38154415 47555 55 6555 69557055 7877855805
49755 5015 5515 15115115 23158215 reliquiae 555 6551
5555 57555555 58 recedo 705[5151] 367

ro 59 17 55 60 5 55 recens 337 55115555 675

615 635 6655 67 'recenseo 6015 [remaneo 5215]

55 55 685 705555 recido 4155 remedium 2455 3955
7255 73554 7455 recipio 1755 2155 30 405 555555

16 55 785555 7915 15405 [76 5] {remunero 2155 585
805515 815 [5955 recondo 615 815 Ι 8255

 

