118 III. INDEX VERBORUM

1131113614 1111411111111911 13111143111361
111194 314[491811] 16411

usitatus 11 zo 1411 {venio 1111 1111111
1111111161[481161 [ 33111911314[311
14131] 11111114 441146111149111
usus 311 [13 11] vaesanus 1311 381 116311111111 11
11111*114111111 1111111411 111111]

11 61 1111111811 valitudo 3911 1111111111 6111]
1111119111111111111111811 111111111111]

11 111111111 1311 1111111111 1111161 ventus 911 [1111]
11411111111114 11361311434 111111114111

11 161411 1111111 vapulo 194 1111111131 341601
181111110111111[11111111131101 61116411661181
111 131111 1414 11111111116113 191[3111611]
111111111611111 1116116911111 verecundia 3111
11111111 1811 13 ve 114 vergo 1111611
1111 309 3111111 111111111111116911] veritas ’11 141 1111
11 3111111 334 34 vehiculum 101111 [ 3111331 3411 411
1136114311111111*31104111111 16411611
381111111394111 10111113111911 11116118111111
11111140114111 1139114314411 14111131111911
4141143111441 1111611111111111111141131
4194611114 4111 131 [16 1] vertigo 6011

11 4811 101 1111 velox 1011 verto 4111
1111134111111111111111611 11111141
11161111111119 [111114011481114111116111111811
*111811114111111 6311] 91111111114111
601111111111611111161441 1114148141101
83111164116111111111411 1011 6111 111
1166111111411 61 vendo 3611 1411 [181]

11 68111111 69411 venenatus 111 1811 vescor 161 3411 314
11101111111111 6111 vespera 1011

11 1311111 11111 venenum 111 4311 vester 1111911111
11161111111191 41114611131111 111111113111111
80111181111831 11611111 141411114111111
[3419 3114311111 venerandus 613011 11118113311341
1111 1111 111163 31114111461148 3113814 3911139
1111111111141111 11149141011114 1114111111111
11181801814] 1111111111131 6111116811111111
uterque 114 361111 14411116111411 1611111411 101181
8111[6311] 11119116111611 4111811111111111

[uterus 6411] 11111911111111 11 [49191111 611
utilitas 401161 18411 1918111 141111801]
1111111131111 1111 vestigium 1111 111
1111111111 veneratio 101111 161 1814 8011
11111111 111111114981101[111113111

 

