98 ΙΠ. INDEX VERBORUM

15425 551 69515 155515555215 5315 3611 [56115215
[5815] fundo 5011 3415 1111]

formo 1611 255 [3915] 315115155 1015 35 15
[1515516315] 1555555141151115 5615

. 5111155 2315 3311 61155 1315 2015 315155 305

801 211 235 235 6911 3155551231123135
fortis 1515 4011 54 5015 5315 5311 5815 15 6915

11 3515 [6215 635 funus 411 615 311 gratis 35 81115 12
361 1185115951615 15205 225 2415

11531115 341 1915 2115 235 305 3215 3615345
fragilitas 3115 445 [1111361] 4415 451 46511

5315 6315 15115555 55 435 485 50111 531
frango 6011 6011 611 1515 1611515 13 15 15 6111 6515 3811
frater 1151115 1315 151511515 24 55 381 [591]

23 55 8111 [4415 4315 551 6115 38 gratus 201 2415

811] 11 805 ravis 4615
1155511155 231 2815 15111155 5011 gressus 5611]
fraudulentus 3015 1[gusiliu 3615] grex 2015 2815 3015
11555 13136155011 55155 *211 115 28 guberno 865

695 116615151315 [35515 4511]
[1151115 5915] [gusta 5911]
1535511563 15 5815 Gaudeo 511311118 3511515 435

3911 11295541153111 gymnasium 1315
11555 *535 [8011] 585 [4911] gypsum 1011
fructus 911 321 41 gaudium 621 [4911] -

155015 35115555 605 [3516] 11511553111353101
115355 61111151115 gemitus 1011 16113511231111

35 815111115 1115 3511515611 335*425 25553515 4611 45

91115 2251 321 genitalis 611 1311 115511 5811 501

411115 [3211355535 3213515 6615335[461149
frumentum 91 221 3511 [59 15 641 345 11 6311 645 311515
fruor 581 35158115] 34511355113311
frustra 511 6911 genu 395 8011]
fuga 13 21 18 11 35555 356 115 15 25 [habitaculum 82 5]
fugiendus 1211 161 15 211 11 2611 [1155155 6111]

15315 91 131111 25] 1115 2415 3211351 5111555515

113011 611 6811Ι 6311431551601111155115 2411 1315

381 ] 6515 661115 691 6611
fugitivus 312 301 381115 801 1155515205
15354011 [635] 111531155211654
151355 4511 [351] 3515 54154115 605 *511555111116
’ 151511553011 [[31351151811] 111515 3551511
[fumus 8015] *gigno 3311 [6115] 1 515*15111511119
fundamentum 5011 gladius 191 8115 115111515151515

5215 561 6011 30 [5316311685821] 10151151511511

11[5015] [3511543155616515 12511151515151 ¹

 

