111. INDEX VERBORUM 91

311111 1311 221 1111111113011 3111 1311 33111

112311321 33111111111311331111 40111 4111*3111 .

331371431331111111811’171137 33113813011138
3011731781731 11331 11331117011
[4811] confero 1411 311 22 conpositio 1311
11114131113131 1 3311 481 4711 1111111111118131
3111211131211 30133118211 1111

1 11 321111 11 341 111111111311301311 conprimo 431 301
33113313811173 11111113811711 11111111481

11 [13 11] confingo 221124111 conquiesco 131
coma 301 confirmo 2311 3011 conquiro 3711
comitatus 1711 11 7311 [4411] conroboro 7011
comitor 24 11 3711 1111111131111 1011 conscicntia 31 431
3213811 11112113311401 4818211
commemoratio *11 4311 3111 371 33 consecratio 121114
1311 11731 1113112311
commemoro 371133 1111111331 1111111171110113
11 conflictatio 311 11111 13112111
commendo 7114411111111731] 22111 2311 2311
481811 11111111371 23111713411311
11111111111111421 [11111111431311 113711 3811 431
111111111111121114 7311] 371 3711 701171
11111 134 2211 [111111117311] 11711

431 3311 coniugalis 1311 231 111111111 1711
comminiscor 031 coniungo 311 3311 [consentio 8111]
[comminuo 321] 3414 3311 11 consequor 381
11111111114113131 coniuratio 1711 considero 311 111
23113311421731 1111111411 101 23 2711331174117311
commodo 331 11 8111 consilium 131 2011
1111111111101 1311 conlabor 0011 8211 221

131 1111111111 3011 11111111331
comperio 411 conlaudo 2711 [consors 3311] =
1111111331111311] conloco 1311 111111111113111311
concedo 3311 331 111111114011 23121113811 -
3411 731 conluctatio 3411 111111111131111331]
concido 1311 [331] conmaculatus 3011 1111111111111 3311]
concido 3011 conminatio 7311 constans 401
conciliatio 3311 3011 11111331 8311 7011 constantia 131 3011
1111111131113134 conpages 031 1111111 3711 3111
113311 conpago 33111331 1711

conclamo 3211 conparatio 0011 constituo 311 131
concludo 341 ,1111111 3411 1311 1311 3211341
conclusio 7711 11111111 3711 3311 421 4311 80
1111111111 3811 1111111111 371 11 311111 [1311]
1111111111 131 11111113113113211 constitutio 7111
concutio 3011 1111111141 311811 constringo 331

 

