110 III. INDEX VERBORUM

11111311111131481 quadriiugas 141 iqui relat. 111 aiacem.

101 [quadruvium 4811] *1181111111411
1111111311 11111111*1111111 1114111111111
provectus 161831 111111111191111 11 11411111111
11111111831 101111111111141 1111811111111111
111111111111311111 11111118111111 911111111110111
8111 1911 9111111401 1111111111111
[1111111111 4414611111661 1111111111131
proximus 181 [1111] 8111 6811 181111 *1111 141111 16
prudeus 3111 [8111] 11111101111111
[11111114111481111 11111111191 1714111111 188 19
11111111 111111111111111 11111111011111
111111110111111181 11111111111011 11111111111111
publicus 11) 11 191 qualiscumque 111 111111 1111111114
1911141 1811 ¹ 1111111111111111
pudicitia 16 11 31 1 qualitas 111 161111 11 1111111
111 111111111111111 1811111911101
pudicus 3011 10 801 1 31111 14 13111111
pudor 369 1611 quamdiu 191 811 119411*1111111
1111111181 10111811 11111191111 8111 111111 3111111111
puellari1909 [49111111111411] 1111 1111111111
puer 111111 16 *11 quantus 1111 1111113811111111
1111 1111111181 quantuscumque 881 401111111111411
[111] 1111111111111131 114114911111111
111111111ιό111 111011 441111111 4111
pugna 1111 quare 4611 [811111] 111111 461411
pugno 14116111 11111113111141 111114811491
[pulchritudo 191] quasi 3 11*11 111 111 50 11 11 11 1490 11
11111111116111 1111111194141 1111111111411
pulso 1911 [4911] [11111141111111 1111111111*1111
. [pulvis 1111 6111] 101 [1111 1811111] 11111111 18111 11
punio 811 [8011] quasso 9411 111 11 111111 1811
purgo 1911811 1111111119111911 11113911111011
purifico 111 1111 1111 111111 11111 1411
purpura 4111 quattuor 81 [1111 1111 01111814 66
purpureus 101 1111] 1119 811111 181
11111361111111 qua*2981941419 111189111111111
8111 131111111111111 11111111111141
1111148111811 11114111111111 11111161111118
1111111111111111 161111181111111 1111191811111
111*34111111111 81111111401141 [44114111111141

114111101131 11111148114911
(1115111111111 14111166111189 11111110111111
quadragesimus 1111 11 141 111 1111 80 11 111111911 6111
quadraginta 6911 11 [1111411] Os. 81111118411111
quadriga 1011 ἱ p. XXVIII 111111311111114

 

