104 ΠΙ. INDEX VERBORUM

115151111301[7115] mirer *211 411 515] 11 2511 2411 11 25

[meditor 5911] 71181119111111 11 501111 3215 591
1111111111111111 1111 1111 111 15] 4814447 1111 51
[5515 5411 711111 11135557115811111551158111111
75117711] 39111 4311 4411 5811117011 [5315
medulla 4515 4511 45111 471 541731175118115]
melior 5111 3911 571158511501111115118111191
[7311] 5711111581591 1111151181119
membrum 411 111 1171111173175 1121122125124
1511111812211 1175117811 [1111251127128
245 4511 521111 11111115115111511 11291301115111
5818111 1011211511391 115215851159
1111115211 43111 11 4411 451 451
memoro 28 11 [misereor 82 5] 471 55115715 581
mens 511 911 1111 misericordia 11 11 25 60111111 5111 525
1451711231241 1157155117911 55111111581172
2511 2711 51111 821[5] 11741 8011 [521
3215911142154 mitigo 155111121 541]
11751175118211 11 2415 321 451 11111151141111111
1111112911 5011 2511 4211 4511
mentior 171 mitto 5112411 451] 5811 [7311]
11111111111111 Ι 8211 [491111 541111115111511 515 811
111111(-11) 5815 471 711115 781] 55152155115511
5811 1111115114151152 741

meretricius 2511 11 8011 mortifer 5511
meretrix 25 11 [7411] moderatus 801 i mos 1911 2311 2711
mergo 5811 *modicus 5311 *motus 911
meritum 1911 2511 modius 3211 muliebris 10111111
1111111811 modus 13114511 . 1712112811
[met 7411] molliter 201 mulier 71511 811
metullum 751 moneo 4811 11 *5 1 121 1511 19
1115111511*4112711 1111151751 11 2011 21111115
7810 791[521] mons 271 [494 52 28112915

[metuo 4511 7711] 511] multiformis 551
meus 241511 [4411 monstro 71 131 25 multiplex 151 5911
511 541111 7411 11 501 5511 4111 [multiplico 821]
771] ] 5011 511551581 11115114111115111
minax 1711 ᾗ 591111 5011 5511 1115111111511551
ministre 1711 [1111] 5511 7111 73111] 731[5511]
1111114111481178] 741751177117811 1111411505 55111
1111114111 ¹monstrosus 121 5011[47117211]
1111151511521] monstrum 111 1111115011
minutus 5211] monstruosus 2811 111111511241149
mirabilis 515591] mora 1911 511 111501

misceo 2511551[44 morbus 3911 401 murmur 5711
118011] 1111151181 1511 22 murus 3011

 

