III. INDEX VERBORUM 107

ornamentum481561 parricidium 37 1 11111111 461
761 381331 1111111364
11111111011Ρ7411] pars 51 311 101 per 3111 411 611
11113818311[7411 13111111511161611711111111141
111814611551604 1131113511 3311] 1611114171118
6313711731 [53 37114311671163,1130111131111
1171117411] 11 7811 [5341] ¹ 33111134113611
11113511361111 particeps 168 3311 1137138130411
ostendo 611 18111 501541571681] 33113411361163 .
334431111681631 6411 ἰ 11401141146111
111111114111] particulatim 1111 t 411111 41111 41
ostentatio 1011 381 1115111141 ³ 111 5111111 5311
7411 parturio 3615 [ 55156411671160
11111111[6111711] [111111114811] y 18 61111 651163
1111130113716711] 1116311117011
[1111111711 , 11711173117611
Ρ101111111441145111131111111511111 7811 80111 8111
651 161111111314 30 [*63171157711]
paedagogus 1611 11371138111111 percipio *41 [7311]
paene 3311 411 661 411 441111 481 58 ‘percussor 3611
7611 11601163116411 percutio 3311 3511
1111111171181111 [1] 3014 53455113811
11801[6411] 1111111138117711 7411 7811 [53111
paenitentia 511 731 111111111571 657 771]
1111 1111118110111111 perdiaoo 4311
[1111115311] 14118113811401 1115111131151361
pampineus 1711 651 11331131113311
pulpito 4115311 patria 1711111311 33146148814631
pando 1514811431 3111 111315117111111
61115811 patriarcha328 701 37135113711133
1111144111114511 patrius 331 11431114516511
461 [3411 351 44 paulatim 431 15 6611 6711 631
1143117111] paululum 341 654 731173117811
11153Ἷ31303335 1111111711361 perduco 3711 5811
461571581 6311 pauper 4514 [7111]
661111 6811 paupertas 4511 peregre 151]
paradisus 6511 pax 831 peregrinusl91112128
pareo 1311 3311 80 peecatumaaa [7311] pereo 3311 6314 631
11 8111 [8111] 11111713311301 8011
11111341133115715 35115317811801 1116111*31114116
1111116314 1111115111611[531] 14 *6811
111171111111511 peeus 1813317311 11131311
67 11 pello 1711 perfundo 7311
parricida 371 3311 panarius 351 111311113613511581
3811681 [pendeo 7711] perieulum 3311
1111111311113711384 1111111330 perimo 6731

 

